..........................................................
..........................................................
...........................================...............
..........................###################.............
........................########........#######...........
........................####...~~~~~~~~~~..#####..........
.......................#####..~~~~~~~~~~..######..........
......................##########........#########.........
......................############################........
.....................#############################........
....................##############################........
...................###############################........
..................################################........
..................################################........
..................################################........
.................#################################........
.................########............#############........
................########.............############.........
..............##########.............############.........
.....##################..............############.........
.......###############.............##############.........
..............................###################.........
...............................##############.............
..........................................................
..........................................................
..........................................................
..........................................................
...........................================...............
..........................*******************.............
........................********........*******...........
........................****...............*****..........
.......................*****..............******..........
......................**********........*********.........
......................****************************........
.....................*****************************........
....................******************************........
...................*******************************........
..................********************************........
..................********************************........
..................********************************........
.................*********************************........
.................********............*************........
................********.............************.........
..............**********.............************.........
.....******************..............************.........
.......***************.............**************.........
..............................*******************.........
...............................**************.............
..........................................................
..........................................................
START PATH FINDING
START NEIGH
0
2 42
1
2
3
5
6
7
8
START NEIGH
0
2 41
1
2
3
5
6
7
8
START NEIGH
0
3 41
1
2
3
5
6
7
8
START NEIGH
0
3 42
1
2
3
5
6
7
8
START NEIGH
0
3 43
1
2
3
5
6
7
8
START NEIGH
0
2 40
1
2
3
5
6
7
8
START NEIGH
0
3 40
1
2
3
5
6
7
8
START NEIGH
0
4 40
1
2
3
5
6
7
8
START NEIGH
0
4 41
1
2
3
5
6
7
8
START NEIGH
0
3 44
1
2
3
5
6
7
8
START NEIGH
0
4 42
1
2
3
5
6
7
8
START NEIGH
0
4 43
1
2
3
5
6
7
8
START NEIGH
0
4 44
1
2
3
5
6
7
8
START NEIGH
0
2 39
1
2
3
5
6
7
8
START NEIGH
0
3 39
1
2
3
5
6
7
8
START NEIGH
0
4 45
1
2
3
5
6
7
8
START NEIGH
0
5 43
1
2
3
5
6
7
8
START NEIGH
0
5 44
1
2
3
5
6
7
8
START NEIGH
0
5 45
1
2
3
5
6
7
8
START NEIGH
0
2 38
1
2
3
5
6
7
8
START NEIGH
0
3 38
1
2
3
5
6
7
8
START NEIGH
0
6 42
1
2
3
5
6
7
8
START NEIGH
0
6 43
1
2
3
5
6
7
8
START NEIGH
0
4 46
1
2
3
5
6
7
8
START NEIGH
0
5 46
1
2
3
5
6
7
8
START NEIGH
0
6 44
1
2
3
5
6
7
8
START NEIGH
0
6 45
1
2
3
5
6
7
8
START NEIGH
0
6 46
1
2
3
5
6
7
8
START NEIGH
0
2 37
1
2
3
5
6
7
8
START NEIGH
0
3 37
1
2
3
5
6
7
8
START NEIGH
0
7 41
1
2
3
5
6
7
8
START NEIGH
0
7 42
1
2
3
5
6
7
8
START NEIGH
0
7 43
1
2
3
5
6
7
8
START NEIGH
0
7 44
1
2
3
5
6
7
8
START NEIGH
0
5 47
1
2
3
5
6
7
8
START NEIGH
0
6 47
1
2
3
5
6
7
8
START NEIGH
0
7 45
1
2
3
5
6
7
8
START NEIGH
0
7 46
1
2
3
5
6
7
8
START NEIGH
0
7 47
1
2
3
5
6
7
8
START NEIGH
0
2 36
1
2
3
5
6
7
8
START NEIGH
0
3 36
1
2
3
5
6
7
8
START NEIGH
0
7 40
1
2
3
5
6
7
8
START NEIGH
0
8 40
1
2
3
5
6
7
8
START NEIGH
0
8 41
1
2
3
5
6
7
8
START NEIGH
0
8 42
1
2
3
5
6
7
8
START NEIGH
0
8 43
1
2
3
5
6
7
8
START NEIGH
0
8 44
1
2
3
5
6
7
8
START NEIGH
0
8 45
1
2
3
5
6
7
8
START NEIGH
0
7 48
1
2
3
5
6
7
8
START NEIGH
0
8 46
1
2
3
5
6
7
8
START NEIGH
0
8 47
1
2
3
5
6
7
8
START NEIGH
0
8 48
1
2
3
5
6
7
8
START NEIGH
0
2 35
1
2
3
5
6
7
8
START NEIGH
0
3 35
1
2
3
5
6
7
8
START NEIGH
0
8 39
1
2
3
5
6
7
8
START NEIGH
0
9 39
1
2
3
5
6
7
8
START NEIGH
0
9 40
1
2
3
5
6
7
8
START NEIGH
0
9 41
1
2
3
5
6
7
8
START NEIGH
0
9 42
1
2
3
5
6
7
8
START NEIGH
0
9 43
1
2
3
5
6
7
8
START NEIGH
0
9 44
1
2
3
5
6
7
8
START NEIGH
0
9 45
1
2
3
5
6
7
8
START NEIGH
0
9 46
1
2
3
5
6
7
8
START NEIGH
0
8 49
1
2
3
5
6
7
8
START NEIGH
0
9 47
1
2
3
5
6
7
8
START NEIGH
0
9 48
1
2
3
5
6
7
8
START NEIGH
0
9 49
1
2
3
5
6
7
8
START NEIGH
0
2 34
1
2
3
5
6
7
8
START NEIGH
0
3 34
1
2
3
5
6
7
8
START NEIGH
0
8 38
1
2
3
5
6
7
8
START NEIGH
0
9 38
1
2
3
5
6
7
8
START NEIGH
0
10 38
1
2
3
5
6
7
8
START NEIGH
0
10 39
1
2
3
5
6
7
8
START NEIGH
0
10 40
1
2
3
5
6
7
8
START NEIGH
0
10 41
1
2
3
5
6
7
8
START NEIGH
0
10 42
1
2
3
5
6
7
8
START NEIGH
0
10 43
1
2
3
5
6
7
8
START NEIGH
0
10 44
1
2
3
5
6
7
8
START NEIGH
0
10 45
1
2
3
5
6
7
8
START NEIGH
0
10 46
1
2
3
5
6
7
8
START NEIGH
0
10 47
1
2
3
5
6
7
8
START NEIGH
0
10 48
1
2
3
5
6
7
8
START NEIGH
0
10 49
1
2
3
5
6
7
8
START NEIGH
0
2 33
1
2
3
5
6
7
8
START NEIGH
0
3 33
1
2
3
5
6
7
8
START NEIGH
0
8 37
1
2
3
5
6
7
8
START NEIGH
0
9 37
1
2
3
5
6
7
8
START NEIGH
0
10 37
1
2
3
5
6
7
8
START NEIGH
0
11 37
1
2
3
5
6
7
8
START NEIGH
0
11 38
1
2
3
5
6
7
8
START NEIGH
0
11 39
1
2
3
5
6
7
8
START NEIGH
0
11 40
1
2
3
5
6
7
8
START NEIGH
0
11 41
1
2
3
5
6
7
8
START NEIGH
0
11 42
1
2
3
5
6
7
8
START NEIGH
0
11 43
1
2
3
5
6
7
8
START NEIGH
0
11 44
1
2
3
5
6
7
8
START NEIGH
0
11 45
1
2
3
5
6
7
8
START NEIGH
0
11 46
1
2
3
5
6
7
8
START NEIGH
0
11 47
1
2
3
5
6
7
8
START NEIGH
0
11 48
1
2
3
5
6
7
8
START NEIGH
0
11 49
1
2
3
5
6
7
8
START NEIGH
0
2 32
1
2
3
5
6
7
8
START NEIGH
0
3 32
1
2
3
5
6
7
8
START NEIGH
0
8 36
1
2
3
5
6
7
8
START NEIGH
0
9 36
1
2
3
5
6
7
8
START NEIGH
0
10 36
1
2
3
5
6
7
8
START NEIGH
0
11 36
1
2
3
5
6
7
8
START NEIGH
0
12 36
1
2
3
5
6
7
8
START NEIGH
0
12 37
1
2
3
5
6
7
8
START NEIGH
0
12 38
1
2
3
5
6
7
8
START NEIGH
0
12 39
1
2
3
5
6
7
8
START NEIGH
0
12 40
1
2
3
5
6
7
8
START NEIGH
0
12 41
1
2
3
5
6
7
8
START NEIGH
0
12 42
1
2
3
5
6
7
8
START NEIGH
0
12 43
1
2
3
5
6
7
8
START NEIGH
0
12 44
1
2
3
5
6
7
8
START NEIGH
0
12 45
1
2
3
5
6
7
8
START NEIGH
0
12 46
1
2
3
5
6
7
8
START NEIGH
0
12 47
1
2
3
5
6
7
8
START NEIGH
0
12 48
1
2
3
5
6
7
8
START NEIGH
0
12 49
1
2
3
5
6
7
8
START NEIGH
0
2 31
1
2
3
5
6
7
8
START NEIGH
0
3 31
1
2
3
5
6
7
8
START NEIGH
0
4 31
1
2
3
5
6
7
8
START NEIGH
0
8 35
1
2
3
5
6
7
8
START NEIGH
0
9 35
1
2
3
5
6
7
8
START NEIGH
0
10 35
1
2
3
5
6
7
8
START NEIGH
0
11 35
1
2
3
5
6
7
8
START NEIGH
0
12 35
1
2
3
5
6
7
8
START NEIGH
0
13 35
1
2
3
5
6
7
8
START NEIGH
0
13 36
1
2
3
5
6
7
8
START NEIGH
0
13 37
1
2
3
5
6
7
8
START NEIGH
0
13 38
1
2
3
5
6
7
8
START NEIGH
0
13 39
1
2
3
5
6
7
8
START NEIGH
0
13 40
1
2
3
5
6
7
8
START NEIGH
0
13 41
1
2
3
5
6
7
8
START NEIGH
0
13 42
1
2
3
5
6
7
8
START NEIGH
0
13 43
1
2
3
5
6
7
8
START NEIGH
0
13 44
1
2
3
5
6
7
8
START NEIGH
0
13 45
1
2
3
5
6
7
8
START NEIGH
0
13 46
1
2
3
5
6
7
8
START NEIGH
0
13 47
1
2
3
5
6
7
8
START NEIGH
0
13 48
1
2
3
5
6
7
8
START NEIGH
0
13 49
1
2
3
5
6
7
8
START NEIGH
0
2 30
1
2
3
5
6
7
8
START NEIGH
0
3 30
1
2
3
5
6
7
8
START NEIGH
0
4 30
1
2
3
5
6
7
8
START NEIGH
0
8 34
1
2
3
5
6
7
8
START NEIGH
0
9 34
1
2
3
5
6
7
8
START NEIGH
0
10 34
1
2
3
5
6
7
8
START NEIGH
0
11 34
1
2
3
5
6
7
8
START NEIGH
0
12 34
1
2
3
5
6
7
8
START NEIGH
0
13 34
1
2
3
5
6
7
8
START NEIGH
0
14 34
1
2
3
5
6
7
8
START NEIGH
0
14 35
1
2
3
5
6
7
8
START NEIGH
0
14 36
1
2
3
5
6
7
8
START NEIGH
0
14 37
1
2
3
5
6
7
8
START NEIGH
0
14 38
1
2
3
5
6
7
8
START NEIGH
0
14 39
1
2
3
5
6
7
8
START NEIGH
0
14 40
1
2
3
5
6
7
8
START NEIGH
0
14 41
1
2
3
5
6
7
8
START NEIGH
0
14 42
1
2
3
5
6
7
8
START NEIGH
0
14 43
1
2
3
5
6
7
8
START NEIGH
0
14 44
1
2
3
5
6
7
8
START NEIGH
0
14 45
1
2
3
5
6
7
8
START NEIGH
0
14 46
1
2
3
5
6
7
8
START NEIGH
0
14 47
1
2
3
5
6
7
8
START NEIGH
0
14 48
1
2
3
5
6
7
8
START NEIGH
0
14 49
1
2
3
5
6
7
8
START NEIGH
0
2 29
1
2
3
5
6
7
8
START NEIGH
0
3 29
1
2
3
5
6
7
8
START NEIGH
0
4 29
1
2
3
5
6
7
8
START NEIGH
0
8 33
1
2
3
5
6
7
8
START NEIGH
0
9 33
1
2
3
5
6
7
8
START NEIGH
0
10 33
1
2
3
5
6
7
8
START NEIGH
0
11 33
1
2
3
5
6
7
8
START NEIGH
0
12 33
1
2
3
5
6
7
8
START NEIGH
0
13 33
1
2
3
5
6
7
8
START NEIGH
0
14 33
1
2
3
5
6
7
8
START NEIGH
0
15 33
1
2
3
5
6
7
8
START NEIGH
0
15 34
1
2
3
5
6
7
8
START NEIGH
0
15 35
1
2
3
5
6
7
8
START NEIGH
0
15 36
1
2
3
5
6
7
8
START NEIGH
0
15 37
1
2
3
5
6
7
8
START NEIGH
0
15 38
1
2
3
5
6
7
8
START NEIGH
0
15 39
1
2
3
5
6
7
8
START NEIGH
0
15 40
1
2
3
5
6
7
8
START NEIGH
0
15 41
1
2
3
5
6
7
8
START NEIGH
0
15 42
1
2
3
5
6
7
8
START NEIGH
0
15 43
1
2
3
5
6
7
8
START NEIGH
0
15 44
1
2
3
5
6
7
8
START NEIGH
0
15 45
1
2
3
5
6
7
8
START NEIGH
0
15 46
1
2
3
5
6
7
8
START NEIGH
0
15 47
1
2
3
5
6
7
8
START NEIGH
0
15 48
1
2
3
5
6
7
8
START NEIGH
0
15 49
1
2
3
5
6
7
8
START NEIGH
0
2 28
1
2
3
5
6
7
8
START NEIGH
0
3 28
1
2
3
5
6
7
8
START NEIGH
0
4 28
1
2
3
5
6
7
8
START NEIGH
0
8 32
1
2
3
5
6
7
8
START NEIGH
0
9 32
1
2
3
5
6
7
8
START NEIGH
0
10 32
1
2
3
5
6
7
8
START NEIGH
0
11 32
1
2
3
5
6
7
8
START NEIGH
0
12 32
1
2
3
5
6
7
8
START NEIGH
0
13 32
1
2
3
5
6
7
8
START NEIGH
0
14 32
1
2
3
5
6
7
8
START NEIGH
0
15 32
1
2
3
5
6
7
8
START NEIGH
0
16 37
1
2
3
5
6
7
8
START NEIGH
0
16 38
1
2
3
5
6
7
8
START NEIGH
0
16 39
1
2
3
5
6
7
8
START NEIGH
0
16 40
1
2
3
5
6
7
8
START NEIGH
0
16 41
1
2
3
5
6
7
8
START NEIGH
0
16 42
1
2
3
5
6
7
8
START NEIGH
0
16 43
1
2
3
5
6
7
8
START NEIGH
0
16 44
1
2
3
5
6
7
8
START NEIGH
0
16 45
1
2
3
5
6
7
8
START NEIGH
0
16 46
1
2
3
5
6
7
8
START NEIGH
0
16 47
1
2
3
5
6
7
8
START NEIGH
0
16 48
1
2
3
5
6
7
8
START NEIGH
0
16 49
1
2
3
5
6
7
8
START NEIGH
0
2 27
1
2
3
5
6
7
8
START NEIGH
0
3 27
1
2
3
5
6
7
8
START NEIGH
0
4 27
1
2
3
5
6
7
8
START NEIGH
0
5 27
1
2
3
5
6
7
8
START NEIGH
0
7 31
1
2
3
5
6
7
8
START NEIGH
0
8 31
1
2
3
5
6
7
8
START NEIGH
0
9 31
1
2
3
5
6
7
8
START NEIGH
0
10 31
1
2
3
5
6
7
8
START NEIGH
0
11 31
1
2
3
5
6
7
8
START NEIGH
0
12 31
1
2
3
5
6
7
8
START NEIGH
0
13 31
1
2
3
5
6
7
8
START NEIGH
0
14 31
1
2
3
5
6
7
8
START NEIGH
0
15 31
1
2
3
5
6
7
8
START NEIGH
0
17 37
1
2
3
5
6
7
8
START NEIGH
0
17 38
1
2
3
5
6
7
8
START NEIGH
0
17 39
1
2
3
5
6
7
8
START NEIGH
0
17 40
1
2
3
5
6
7
8
START NEIGH
0
17 41
1
2
3
5
6
7
8
START NEIGH
0
17 42
1
2
3
5
6
7
8
START NEIGH
0
17 43
1
2
3
5
6
7
8
START NEIGH
0
17 44
1
2
3
5
6
7
8
START NEIGH
0
17 45
1
2
3
5
6
7
8
START NEIGH
0
17 46
1
2
3
5
6
7
8
START NEIGH
0
17 47
1
2
3
5
6
7
8
START NEIGH
0
17 48
1
2
3
5
6
7
8
START NEIGH
0
3 26
1
2
3
5
6
7
8
START NEIGH
0
4 26
1
2
3
5
6
7
8
START NEIGH
0
5 26
1
2
3
5
6
7
8
START NEIGH
0
6 26
1
2
3
5
6
7
8
START NEIGH
0
6 27
1
2
3
5
6
7
8
START NEIGH
0
7 30
1
2
3
5
6
7
8
START NEIGH
0
8 30
1
2
3
5
6
7
8
START NEIGH
0
9 30
1
2
3
5
6
7
8
START NEIGH
0
10 30
1
2
3
5
6
7
8
START NEIGH
0
11 30
1
2
3
5
6
7
8
START NEIGH
0
12 30
1
2
3
5
6
7
8
START NEIGH
0
13 30
1
2
3
5
6
7
8
START NEIGH
0
14 30
1
2
3
5
6
7
8
START NEIGH
0
15 30
1
2
3
5
6
7
8
START NEIGH
0
18 37
1
2
3
5
6
7
8
START NEIGH
0
18 38
1
2
3
5
6
7
8
START NEIGH
0
18 39
1
2
3
5
6
7
8
START NEIGH
0
18 40
1
2
3
5
6
7
8
START NEIGH
0
18 41
1
2
3
5
6
7
8
START NEIGH
0
18 42
1
2
3
5
6
7
8
START NEIGH
0
18 43
1
2
3
5
6
7
8
START NEIGH
0
18 44
1
2
3
5
6
7
8
START NEIGH
0
18 45
1
2
3
5
6
7
8
START NEIGH
0
18 46
1
2
3
5
6
7
8
START NEIGH
0
18 47
1
2
3
5
6
7
8
START NEIGH
0
18 48
1
2
3
5
6
7
8
START NEIGH
0
4 25
1
2
3
5
6
7
8
START NEIGH
0
5 25
1
2
3
5
6
7
8
START NEIGH
0
6 25
1
2
3
5
6
7
8
START NEIGH
0
7 25
1
2
3
5
6
7
8
START NEIGH
0
7 26
1
2
3
5
6
7
8
START NEIGH
0
7 27
1
2
3
5
6
7
8
START NEIGH
0
7 28
1
2
3
5
6
7
8
START NEIGH
0
7 29
1
2
3
5
6
7
8
START NEIGH
0
8 29
1
2
3
5
6
7
8
START NEIGH
0
9 29
1
2
3
5
6
7
8
START NEIGH
0
10 29
1
2
3
5
6
7
8
START NEIGH
0
11 29
1
2
3
5
6
7
8
START NEIGH
0
12 29
1
2
3
5
6
7
8
START NEIGH
0
13 29
1
2
3
5
6
7
8
START NEIGH
0
14 29
1
2
3
5
6
7
8
START NEIGH
0
15 29
1
2
3
5
6
7
8
START NEIGH
0
19 37
1
2
3
5
6
7
8
START NEIGH
0
19 38
1
2
3
5
6
7
8
START NEIGH
0
19 39
1
2
3
5
6
7
8
START NEIGH
0
19 40
1
2
3
5
6
7
8
START NEIGH
0
19 41
1
2
3
5
6
7
8
START NEIGH
0
19 42
1
2
3
5
6
7
8
START NEIGH
0
19 43
1
2
3
5
6
7
8
START NEIGH
0
19 44
1
2
3
5
6
7
8
START NEIGH
0
19 45
1
2
3
5
6
7
8
START NEIGH
0
19 46
1
2
3
5
6
7
8
START NEIGH
0
19 47
1
2
3
5
6
7
8
START NEIGH
0
19 48
1
2
3
5
6
7
8
START NEIGH
0
4 24
1
2
3
5
6
7
8
START NEIGH
0
5 24
1
2
3
5
6
7
8
START NEIGH
0
6 24
1
2
3
5
6
7
8
START NEIGH
0
7 24
1
2
3
5
6
7
8
START NEIGH
0
8 24
1
2
3
5
6
7
8
START NEIGH
0
8 25
1
2
3
5
6
7
8
START NEIGH
0
8 26
1
2
3
5
6
7
8
START NEIGH
0
8 27
1
2
3
5
6
7
8
START NEIGH
0
8 28
1
2
3
5
6
7
8
START NEIGH
0
9 28
1
2
3
5
6
7
8
START NEIGH
0
10 28
1
2
3
5
6
7
8
START NEIGH
0
11 28
1
2
3
5
6
7
8
START NEIGH
0
12 28
1
2
3
5
6
7
8
START NEIGH
0
13 28
1
2
3
5
6
7
8
START NEIGH
0
14 28
1
2
3
5
6
7
8
START NEIGH
0
15 28
1
2
3
5
6
7
8
START NEIGH
0
20 36
1
2
3
5
6
7
8
START NEIGH
0
20 37
1
2
3
5
6
7
8
START NEIGH
0
20 38
1
2
3
5
6
7
8
START NEIGH
0
20 39
1
2
3
5
6
7
8
START NEIGH
0
20 40
1
2
3
5
6
7
8
START NEIGH
0
20 41
1
2
3
5
6
7
8
START NEIGH
0
20 42
1
2
3
5
6
7
8
START NEIGH
0
20 43
1
2
3
5
6
7
8
START NEIGH
0
20 44
1
2
3
5
6
7
8
START NEIGH
0
20 45
1
2
3
5
6
7
8
START NEIGH
0
20 46
1
2
3
5
6
7
8
START NEIGH
0
20 47
1
2
3
5
6
7
8
START NEIGH
0
20 48
1
2
3
5
6
7
8
START NEIGH
0
6 23
1
2
3
5
6
7
8
START NEIGH
0
7 23
1
2
3
5
6
7
8
START NEIGH
0
8 23
1
2
3
5
6
7
8
START NEIGH
0
9 23
1
2
3
5
6
7
8
START NEIGH
0
9 24
1
2
3
5
6
7
8
START NEIGH
0
9 25
1
2
3
5
6
7
8
START NEIGH
0
9 26
1
2
3
5
6
7
8
START NEIGH
0
9 27
1
2
3
5
6
7
8
START NEIGH
0
10 27
1
2
3
5
6
7
8
START NEIGH
0
11 27
1
2
3
5
6
7
8
START NEIGH
0
12 27
1
2
3
5
6
7
8
START NEIGH
0
13 27
1
2
3
5
6
7
8
START NEIGH
0
14 27
1
2
3
5
6
7
8
START NEIGH
0
15 27
1
2
3
5
6
7
8
START NEIGH
0
20 35
1
2
3
5
6
7
8
START NEIGH
0
21 35
1
2
3
5
6
7
8
START NEIGH
0
21 36
1
2
3
5
6
7
8
START NEIGH
0
21 37
1
2
3
5
6
7
8
START NEIGH
0
21 38
1
2
3
5
6
7
8
START NEIGH
0
21 39
1
2
3
5
6
7
8
START NEIGH
0
21 40
1
2
3
5
6
7
8
START NEIGH
0
21 41
1
2
3
5
6
7
8
START NEIGH
0
21 42
1
2
3
5
6
7
8
START NEIGH
0
21 43
1
2
3
5
6
7
8
START NEIGH
0
21 44
1
2
3
5
6
7
8
START NEIGH
0
21 45
1
2
3
5
6
7
8
START NEIGH
0
21 46
1
2
3
5
6
7
8
START NEIGH
0
21 47
1
2
3
5
6
7
8
START NEIGH
0
21 48
1
2
3
5
6
7
8
START NEIGH
0
7 22
1
2
3
5
6
7
8
START NEIGH
0
8 22
1
2
3
5
6
7
8
START NEIGH
0
9 22
1
2
3
5
6
7
8
START NEIGH
0
10 22
1
2
3
5
6
7
8
START NEIGH
0
10 23
1
2
3
5
6
7
8
START NEIGH
0
10 24
1
2
3
5
6
7
8
START NEIGH
0
10 25
1
2
3
5
6
7
8
START NEIGH
0
10 26
1
2
3
5
6
7
8
START NEIGH
0
11 26
1
2
3
5
6
7
8
START NEIGH
0
12 26
1
2
3
5
6
7
8
START NEIGH
0
13 26
1
2
3
5
6
7
8
START NEIGH
0
14 26
1
2
3
5
6
7
8
START NEIGH
0
15 26
1
2
3
5
6
7
8
START NEIGH
0
21 34
1
2
3
5
6
7
8
START NEIGH
0
22 34
1
2
3
5
6
7
8
START NEIGH
0
22 35
1
2
3
5
6
7
8
START NEIGH
0
22 36
1
2
3
5
6
7
8
START NEIGH
0
22 37
1
2
3
5
6
7
8
START NEIGH
0
22 38
1
2
3
5
6
7
8
START NEIGH
0
22 39
1
2
3
5
6
7
8
START NEIGH
0
22 40
1
2
3
5
6
7
8
START NEIGH
0
22 41
1
2
3
5
6
7
8
START NEIGH
0
22 42
1
2
3
5
6
7
8
START NEIGH
0
22 43
1
2
3
5
6
7
8
START NEIGH
0
22 44
1
2
3
5
6
7
8
START NEIGH
0
9 21
1
2
3
5
6
7
8
START NEIGH
0
10 21
1
2
3
5
6
7
8
START NEIGH
0
11 21
1
2
3
5
6
7
8
START NEIGH
0
11 22
1
2
3
5
6
7
8
START NEIGH
0
11 23
1
2
3
5
6
7
8
START NEIGH
0
11 24
1
2
3
5
6
7
8
START NEIGH
0
11 25
1
2
3
5
6
7
8
START NEIGH
0
12 25
1
2
3
5
6
7
8
START NEIGH
0
13 25
1
2
3
5
6
7
8
START NEIGH
0
14 25
1
2
3
5
6
7
8
START NEIGH
0
15 25
1
2
3
5
6
7
8
START NEIGH
0
21 33
1
2
3
5
6
7
8
START NEIGH
0
22 33
1
2
3
5
6
7
8
START NEIGH
0
10 20
1
2
3
5
6
7
8
START NEIGH
0
11 20
1
2
3
5
6
7
8
START NEIGH
0
12 20
1
2
3
5
6
7
8
START NEIGH
0
12 21
1
2
3
5
6
7
8
START NEIGH
0
12 22
1
2
3
5
6
7
8
START NEIGH
0
12 23
1
2
3
5
6
7
8
START NEIGH
0
12 24
1
2
3
5
6
7
8
START NEIGH
0
13 24
1
2
3
5
6
7
8
START NEIGH
0
14 24
1
2
3
5
6
7
8
START NEIGH
0
15 24
1
2
3
5
6
7
8
START NEIGH
0
16 24
1
2
3
5
6
7
8
START NEIGH
0
21 32
1
2
3
5
6
7
8
START NEIGH
0
22 32
1
2
3
5
6
7
8
START NEIGH
0
11 19
1
2
3
5
6
7
8
START NEIGH
0
12 19
1
2
3
5
6
7
8
START NEIGH
0
13 19
1
2
3
5
6
7
8
START NEIGH
0
13 20
1
2
3
5
6
7
8
START NEIGH
0
13 21
1
2
3
5
6
7
8
START NEIGH
0
13 22
1
2
3
5
6
7
8
START NEIGH
0
13 23
1
2
3
5
6
7
8
START NEIGH
0
14 23
1
2
3
5
6
7
8
START NEIGH
0
15 23
1
2
3
5
6
7
8
START NEIGH
0
16 23
1
2
3
5
6
7
8
START NEIGH
0
17 23
1
2
3
5
6
7
8
START NEIGH
0
21 31
1
2
3
5
6
7
8
START NEIGH
0
22 31
1
2
3
5
6
7
8
START NEIGH
0
12 18
1
2
3
5
6
7
8
START NEIGH
0
13 18
1
2
3
5
6
7
8
START NEIGH
0
14 18
1
2
3
5
6
7
8
START NEIGH
0
14 19
1
2
3
5
6
7
8
START NEIGH
0
14 20
1
2
3
5
6
7
8
START NEIGH
0
14 21
1
2
3
5
6
7
8
START NEIGH
0
14 22
1
2
3
5
6
7
8
START NEIGH
0
15 22
1
2
3
5
6
7
8
START NEIGH
0
16 22
1
2
3
5
6
7
8
START NEIGH
0
17 22
1
2
3
5
6
7
8
START NEIGH
0
18 22
1
2
3
5
6
7
8
START NEIGH
0
18 23
1
2
3
5
6
7
8
START NEIGH
0
21 30
1
2
3
5
6
7
8
START NEIGH
0
15 17
1
2
3
5
6
7
8
START NEIGH
0
15 18
1
2
3
5
6
7
8
START NEIGH
0
15 19
1
2
3
5
6
7
8
START NEIGH
0
15 20
1
2
3
5
6
7
8
START NEIGH
0
15 21
1
2
3
5
6
7
8
START NEIGH
0
16 21
1
2
3
5
6
7
8
START NEIGH
0
17 21
1
2
3
5
6
7
8
START NEIGH
0
18 21
1
2
3
5
6
7
8
START NEIGH
0
19 21
1
2
3
5
6
7
8
START NEIGH
0
19 22
1
2
3
5
6
7
8
START NEIGH
0
16 17
1
2
3
5
6
7
8
START NEIGH
0
16 18
1
2
3
5
6
7
8
START NEIGH
0
16 19
1
2
3
5
6
7
8
START NEIGH
0
16 20
1
2
3
5
6
7
8
START NEIGH
0
17 20
1
2
3
5
6
7
8
START NEIGH
0
18 20
1
2
3
5
6
7
8
START NEIGH
0
19 20
1
2
3
5
6
7
8
START NEIGH
0
20 20
1
2
3
5
6
7
8
START NEIGH
0
20 21
1
2
3
5
6
7
8
START NEIGH
0
17 16
1
2
3
5
6
7
8
START NEIGH
0
17 17
1
2
3
5
6
7
8
START NEIGH
0
17 18
1
2
3
5
6
7
8
START NEIGH
0
17 19
1
2
3
5
6
7
8
START NEIGH
0
18 19
1
2
3
5
6
7
8
START NEIGH
0
19 19
1
2
3
5
6
7
8
START NEIGH
0
20 19
1
2
3
5
6
7
8
START NEIGH
0
18 15
1
2
3
5
6
7
8
START NEIGH
0
18 16
1
2
3
5
6
7
8
START NEIGH
0
18 17
1
2
3
5
6
7
8
START NEIGH
0
18 18
1
2
3
5
6
7
8
START NEIGH
0
19 18
1
2
3
5
6
7
8
START NEIGH
0
20 18
1
2
3
5
6
7
8
START NEIGH
0
18 14
1
2
3
5
6
7
8
START NEIGH
0
19 14
1
2
3
5
6
7
8
START NEIGH
0
19 15
1
2
3
5
6
7
8
START NEIGH
0
19 16
1
2
3
5
6
7
8
START NEIGH
0
19 17
1
2
3
5
6
7
8
START NEIGH
0
20 17
1
2
3
5
6
7
8
START NEIGH
0
19 13
1
2
3
5
6
7
8
START NEIGH
0
20 13
1
2
3
5
6
7
8
START NEIGH
0
20 14
1
2
3
5
6
7
8
START NEIGH
0
20 15
1
2
3
5
6
7
8
START NEIGH
0
20 16
1
2
3
5
6
7
8
START NEIGH
0
19 12
1
2
3
5
6
7
8
START NEIGH
0
20 12
1
2
3
5
6
7
8
START NEIGH
0
19 11
1
2
3
5
6
7
8
START NEIGH
0
20 11
1
2
3
5
6
7
8
START NEIGH
0
19 10
1
2
3
5
6
7
8
START NEIGH
0
20 10
1
2
3
5
6
7
8
START NEIGH
0
19 9
1
2
3
5
6
7
8
START NEIGH
0
20 9
1
2
3
5
6
7
8
START NEIGH
0
19 8
1
2
3
5
6
7
8
START NEIGH
0
20 8
1
2
3
5
6
7
8
START NEIGH
0
19 7
1
2
3
5
6
7
8
START NEIGH
0
20 7
1
2
3
5
6
7
8
START NEIGH
0
19 6
1
2
3
5
6
7
8
START NEIGH
0
19 5
1
2
3
5
6
7
8
..........................................................
..........................................................
...........................1514131211109876543210...............
..........................16151413121110987654321112.............
........................1817161514131211........2222234...........
........................18171615...............33345..........
.......................1918171616..............444445..........
......................20191817171717171615........655555556.........
......................2019181818181817161514131211109876666666667........
.....................212019191919191817161514131211109877777777777........
....................22212020202020191817161514131211109888888888888........
...................2322212121212120191817161514131211109999999999999........
..................2423222222222221201918171615141312111010101010101010101010101010........
..................2423232323232221201918171615141312111111111111111111111111111111........
..................2424242424232221201918171615141312121212121212121212121212121212........
.................252525252524232221201918171615141313131313131313131313131313131313........
.................2626262625242322............14141414141414141414141414........
................2727272726252423.............151515151515151515151515.........
..............29282828282726252424.............161616161616161616161616.........
.....383736353433323130292929292827262525..............171717171717171717171717.........
.......363534333231303030302928272626.............1918181818181818181818181818.........
..............................24232221201919191919191919191919191919.........
...............................2322212020202020202020202020.............
..........................................................
..........................................................
END: 42 2 - -1 -4
42 2 - 43 6 - 43 11 - 42 15 - 40 18 - 38 20 - 36 21 - END PATH FINDING
..........................................................
..........................................................
...........................================...............
..........................*******************.............
........................********........*******...........
........................****...............*****..........
.......................*****..............*$****..........
......................**********........*********.........
......................****************************........
.....................*****************************........
....................******************************........
...................************************$******........
..................********************************........
..................********************************........
..................********************************........
.................*************************$*******........
.................********............*************........
................********.............************.........
..............**********.............***$********.........
.....******************..............************.........
.......***************.............***$**********.........
..............................******$************.........
...............................**************.............
..........................................................
..........................................................
START PATH 
42 2 - 43 6 - 43 11 - 42 15 - 40 18 - 38 20 - 36 21 - 
END PATH 
END PATH FINDING
..........................................................
..........................................................
...........................================...............
..........................*******************.............
........................********........*******...........
........................****...............*****..........
.......................*****..............*$****..........
......................**********........*********.........
......................****************************........
.....................*****************************........
....................******************************........
...................************************$******........
..................********************************........
..................********************************........
..................********************************........
.................*************************$*******........
.................********............*************........
................********.............************.........
..............**********.............***$********.........
.....******************..............************.........
.......***************.............***$**********.........
..............................******$************.........
...............................**************.............
..........................................................
..........................................................
START PATH 
36 21 - 38 20 - 40 18 - 42 15 - 43 11 - 43 6 - 42 2 - 
END PATH 
Acceleration 1 -1, Speed 1 -1

Temps utilisé: 0.094000 

    Action: 1 -1   Gas remaining: 0


SENT

CALCUL: H38 20 - B36 21 - S1 -1Acceleration 1 0, Speed 2 -1

Temps utilisé: 0.000000 

    Action: 1 0   Gas remaining: 0


SENT

CALCUL: H40 18 - B38 20 - S2 -1Acceleration 0 -1, Speed 2 -2

Temps utilisé: 0.000000 

    Action: 0 -1   Gas remaining: 0


SENT

CALCUL: H42 15 - B40 18 - S2 -2Acceleration 0 -1, Speed 2 -3

Temps utilisé: 0.000000 

    Action: 0 -1   Gas remaining: 0


SENT

CALCUL: H43 11 - B42 15 - S2 -3Acceleration -1 -1, Speed 1 -4

Temps utilisé: 0.000000 

    Action: -1 -1   Gas remaining: 0


SENT

CALCUL: H43 6 - B43 11 - S1 -4Acceleration -1 -1, Speed 0 -5

Temps utilisé: 0.000000 

    Action: -1 -1   Gas remaining: 0


SENT

CALCUL: H42 2 - B43 6 - S0 -5Acceleration -1 1, Speed -1 -4

Temps utilisé: 0.000000 

    Action: -1 1   Gas remaining: 0


SENT

